W1
[[-0.0084645   0.00150465  0.01511998 -0.00022898]
 [ 0.01695358  0.00099279  0.01142371 -0.00662799]
 [ 0.00295774  0.01625121 -0.00951404 -0.00422546]]
W2
[[ 6.69193818e-03 -3.90641772e-05  1.50520672e-02 -7.15640198e-03]
 [ 4.97408721e-03  1.16744680e-02  1.77127674e-02 -2.72369208e-03]
 [ 1.79587141e-04  1.28211283e-02 -6.93011997e-06  6.65615929e-03]
 [ 1.53691765e-02 -2.68914487e-03 -1.58559511e-03  9.67407239e-03]]
W3
[[-9.04786383e-03 -4.88159686e-03 -1.16838550e-02]
 [ 6.26367902e-05  1.28783109e-02  4.13750009e-05]
 [ 8.59028558e-04 -1.09093351e-02  1.48785409e-02]
 [ 2.22344196e-02  2.23586141e-03  4.97637615e-03]]
B1
[0. 0. 0. 0.]
B2
[0. 0. 0. 0.]
B3
[0. 0. 0.]